#############################
######### MergeMany #########
#############################

python mlp_tests.py -m -v -f 2 4 6 8 10 12 14 16 18 20 22 24 26 28 30 32 34 36 38 40 \
42 44 46 48 50 52 54 56 58 60 62 64 66 68 70 72 74 76 78 80 \
82 84 86 88 90 92 94 96 98 100

python mlp_tests.py -m -v -f 100 200 300 400 500 600 700 800 900 1000 \
1100 1200 1300 1400 1500 1600 1700 1800 1900 2000

python mlp_tests.py -m -v -w 0.0 0.0001 0.001 0.01 0.1

python mlp_tests.py -m -v -w 0.0 0.01 0.02 0.03 0.04 0.05 0.06 0.07 0.08 0.09 0.1


################################################
######### PermutationCoordinateDescent #########
################################################

python mlp_tests.py -v -f 2 4 6 8 10 12 14 16 18 20 22 24 26 28 30 32 34 36 38 40 \
42 44 46 48 50 52 54 56 58 60 62 64 66 68 70 72 74 76 78 80 \
82 84 86 88 90 92 94 96 98 100

python mlp_tests.py -v -f 100 200 300 400 500 600 700 800 900 1000 \
1100 1200 1300 1400 1500 1600 1700 1800 1900 2000

python mlp_tests.py -v -w 0.0 0.0001 0.001 0.01 0.1

python mlp_tests.py -v -w 0.0 0.01 0.02 0.03 0.04 0.05 0.06 0.07 0.08 0.09 0.1